{
 "cells": [
  {
   "cell_type": "code",
   "execution_count": 30,
   "id": "e71bc8c5",
   "metadata": {},
   "outputs": [
    {
     "name": "stderr",
     "output_type": "stream",
     "text": [
      "WARNING:root:frame length (960) is greater than FFT size (512), frame will be truncated. Increase NFFT to avoid.\n"
     ]
    },
    {
     "name": "stdout",
     "output_type": "stream",
     "text": [
      "[array([[ 901.73889151,   63.78846215, -105.11748645, -121.96785761,\n",
      "          94.54041409, -177.37560747,  135.99179963,  -57.71130393,\n",
      "          22.41775386,   15.68614638,  -16.65860195,    8.30757277,\n",
      "           6.35580711],\n",
      "       [  63.78846215,   76.30118359,   37.33291051,  -36.05646389,\n",
      "          11.60638881,  -28.38190887,   35.65250705,  -11.09966336,\n",
      "          16.0525688 ,  -27.5791383 ,   19.71138831,  -32.91362555,\n",
      "          10.47117953],\n",
      "       [-105.11748645,   37.33291051,  127.44888645,   38.70608456,\n",
      "         -48.53536188,   65.0225482 ,  -50.99240504,    4.56941119,\n",
      "          17.69064712,  -38.93348299,   40.06303101,  -40.63584179,\n",
      "          17.90579132],\n",
      "       [-121.96785761,  -36.05646389,   38.70608456,  113.39565808,\n",
      "          13.47573776,   30.13331546,  -31.44262972,   18.46732632,\n",
      "         -15.32420688,   24.3654967 ,  -17.21547905,   21.75514943,\n",
      "         -17.22867522],\n",
      "       [  94.54041409,   11.60638881,  -48.53536188,   13.47573776,\n",
      "         148.50633013,  -71.597561  ,   77.84071588,  -22.64026723,\n",
      "           2.55847276,   46.91611437,  -38.37150355,   31.64648243,\n",
      "         -11.99530729],\n",
      "       [-177.37560747,  -28.38190887,   65.0225482 ,   30.13331546,\n",
      "         -71.597561  ,  215.92397751,  -85.27978026,   48.46529741,\n",
      "          30.42268392,  -46.35387914,   62.01707367,  -41.12449447,\n",
      "          28.04412511],\n",
      "       [ 135.99179963,   35.65250705,  -50.99240504,  -31.44262972,\n",
      "          77.84071588,  -85.27978026,  201.48353871,   17.44528022,\n",
      "          10.25522212,   64.11451464,  -60.54979361,   33.08417811,\n",
      "         -27.04897292],\n",
      "       [ -57.71130393,  -11.09966336,    4.56941119,   18.46732632,\n",
      "         -22.64026723,   48.46529741,   17.44528022,  136.03541985,\n",
      "          42.08443901,   -9.53711896,   29.07703656,  -20.52494845,\n",
      "          -5.00189265],\n",
      "       [  22.41775386,   16.0525688 ,   17.69064712,  -15.32420688,\n",
      "           2.55847276,   30.42268392,   10.25522212,   42.08443901,\n",
      "         112.44542698,   21.42998489,   27.556098  ,   -3.96464396,\n",
      "          11.28067173],\n",
      "       [  15.68614638,  -27.5791383 ,  -38.93348299,   24.3654967 ,\n",
      "          46.91611437,  -46.35387914,   64.11451464,   -9.53711896,\n",
      "          21.42998489,  146.44190829,  -29.26337223,   65.00986146,\n",
      "         -12.09608928],\n",
      "       [ -16.65860195,   19.71138831,   40.06303101,  -17.21547905,\n",
      "         -38.37150355,   62.01707367,  -60.54979361,   29.07703656,\n",
      "          27.556098  ,  -29.26337223,  143.91329688,  -17.61682176,\n",
      "          35.9956794 ],\n",
      "       [   8.30757277,  -32.91362555,  -40.63584179,   21.75514943,\n",
      "          31.64648243,  -41.12449447,   33.08417811,  -20.52494845,\n",
      "          -3.96464396,   65.00986146,  -17.61682176,  124.87543881,\n",
      "          15.78935728],\n",
      "       [   6.35580711,   10.47117953,   17.90579132,  -17.22867522,\n",
      "         -11.99530729,   28.04412511,  -27.04897292,   -5.00189265,\n",
      "          11.28067173,  -12.09608928,   35.9956794 ,   15.78935728,\n",
      "          83.55466777]]), array([ 70.24634861,  16.5961556 ,  -7.46307141, -20.76052976,\n",
      "        21.1270242 , -41.2713392 ,  24.56688926, -16.66993882,\n",
      "         3.27068309,  -4.27877991,  -1.20925244,  -3.9682457 ,\n",
      "         3.04606376])]\n"
     ]
    }
   ],
   "source": [
    "\n",
    "from python_speech_features import mfcc\n",
    "import os\n",
    "import scipy.io.wavfile as wav\n",
    "import numpy as np\n",
    "from tempfile import TemporaryFile\n",
    "import os\n",
    "import pickle\n",
    "import random \n",
    "import operator\n",
    "import math\n",
    "feature = []\n",
    "(rate,sig) = wav.read(\"C:\\\\Users\\\\mundi\\\\Downloads\\\\test4.wav\")\n",
    "mfcc_feat = mfcc(sig,rate ,winlen=0.020, appendEnergy = False)\n",
    "covariance = np.cov(np.matrix.transpose(mfcc_feat))\n",
    "mean_matrix = mfcc_feat.mean(0)\n",
    "feature.append(covariance)q\n",
    "feature.append(mean_matrix)\n",
    "print (feature)              \n",
    "     \n",
    "                             \n",
    "\n"
   ]
  },
  {
   "cell_type": "code",
   "execution_count": 31,
   "id": "17504448",
   "metadata": {},
   "outputs": [
    {
     "name": "stdout",
     "output_type": "stream",
     "text": [
      "5\n"
     ]
    }
   ],
   "source": [
    "def distance(instance1 , instance2 , k ):  # this is the main function right here\n",
    "    distance =0 \n",
    "    cm1 = instance1[0] \n",
    "    mm1 = instance1[1]  \n",
    "    cm2 = instance2[0]\n",
    "    mm2 = instance2[1]\n",
    "    distance = np.trace(np.dot(np.linalg.inv(cm2), cm1)) \n",
    "    distance+=(np.dot(np.dot((mm2-mm1).transpose() , np.linalg.inv(cm2)) , mm2-mm1 )) \n",
    "    distance+= np.log(np.linalg.det(cm2)) - np.log(np.linalg.det(cm1))\n",
    "    distance-= k\n",
    "    return distance\n",
    "def getNeighbours(trainingSet, instance, k):\n",
    "    distances = []\n",
    "    for x in range (len(trainingSet)):\n",
    "        dist = distance(trainingSet[x], instance, k )+ distance(instance, trainingSet[x], k)\n",
    "        distances.append((trainingSet[x][2], dist))\n",
    "    distances.sort(key=operator.itemgetter(1))\n",
    "    neighbors = []\n",
    "    for x in range(k):\n",
    "        neighbors.append(distances[x][0])\n",
    "    return neighbors\n",
    "def nearestClass(neighbours):\n",
    "    classVote = {}\n",
    "    for x in range(len(neighbours)):\n",
    "        if neighbours[x] not in classVote  :\n",
    "            classVote[neighbours[x]]=1\n",
    "        else:\n",
    "            classVote[neighbours[x]]=classVote[neighbours[x]]+1\n",
    "    sorter=sorted(classVote.items(),key=operator.itemgetter(1),reverse=True)\n",
    "    return sorter[0][0]\n",
    "trainingSet = []\n",
    "with open(\"newfile.dat\",'rb') as f:\n",
    "    while True:\n",
    "        try :\n",
    "            trainingSet.append(pickle.load(f))\n",
    "        except EOFError:\n",
    "            f.close()\n",
    "            break\n",
    "            \n",
    "predictions=nearestClass(getNeighbours(trainingSet,feature,5))\n",
    "print(predictions)                       "
   ]
  },
  {
   "cell_type": "code",
   "execution_count": 2,
   "id": "cd89638b",
   "metadata": {},
   "outputs": [
    {
     "name": "stderr",
     "output_type": "stream",
     "text": [
      "WARNING:root:frame length (960) is greater than FFT size (512), frame will be truncated. Increase NFFT to avoid.\n"
     ]
    },
    {
     "name": "stdout",
     "output_type": "stream",
     "text": [
      "hiphop\n"
     ]
    }
   ],
   "source": [
    "from python_speech_features import mfcc\n",
    "import scipy.io.wavfile as wav\n",
    "import numpy as np\n",
    "from tempfile import TemporaryFile\n",
    "import os\n",
    "import pickle\n",
    "import random \n",
    "import operator\n",
    "import math\n",
    "import numpy as np\n",
    "from collections import defaultdict\n",
    "dataset = []\n",
    "def loadDataset(filename):\n",
    "    with open(\"newfile.dat\" , 'rb') as f:\n",
    "        while True:\n",
    "            try:\n",
    "                dataset.append(pickle.load(f))\n",
    "            except EOFError:\n",
    "                f.close()\n",
    "                break\n",
    "loadDataset(\"newfile.dat\")\n",
    "def distance(instance1 , instance2 , k ):\n",
    "    distance =0 \n",
    "    cm1 = instance1[0] \n",
    "    mm1 = instance1[1]\n",
    "    cm2 = instance2[0]\n",
    "    mm2 = instance2[1]\n",
    "    distance = np.trace(np.dot(np.linalg.inv(cm2), cm1)) \n",
    "    distance+=(np.dot(np.dot((mm2-mm1).transpose() , np.linalg.inv(cm2)) , mm2-mm1 )) \n",
    "    distance+= np.log(np.linalg.det(cm2)) - np.log(np.linalg.det(cm1))\n",
    "    distance-= k\n",
    "    return distance\n",
    "def getNeighbors(trainingSet , instance , k):\n",
    "    distances =[]\n",
    "    for x in range (len(trainingSet)):\n",
    "        dist = distance(trainingSet[x], instance, k )+ distance(instance, trainingSet[x], k)\n",
    "        distances.append((trainingSet[x][2], dist))\n",
    "    distances.sort(key=operator.itemgetter(1))\n",
    "    neighbors = []\n",
    "    for x in range(k):\n",
    "        neighbors.append(distances[x][0])\n",
    "    return neighbors  \n",
    "def nearestClass(neighbors):\n",
    "    classVote ={}\n",
    "    for x in range(len(neighbors)):\n",
    "        response = neighbors[x]\n",
    "        if response in classVote:\n",
    "            classVote[response]+=1 \n",
    "        else:\n",
    "            classVote[response]=1 \n",
    "    sorter = sorted(classVote.items(), key = operator.itemgetter(1), reverse=True)\n",
    "    return sorter[0][0]\n",
    "\n",
    "(rate,sig)=wav.read(\"D:\\\\Music Genre Predictor\\\\test_files\\\\test4.wav\")\n",
    "mfcc_feat=mfcc(sig,rate,winlen=0.020,appendEnergy=False)\n",
    "covariance = np.cov(np.matrix.transpose(mfcc_feat))\n",
    "mean_matrix = mfcc_feat.mean(0)\n",
    "feature=(covariance,mean_matrix,0)\n",
    "pred=nearestClass(getNeighbors(dataset ,feature , 5))\n",
    "i =1\n",
    "result=defaultdict(int)\n",
    "for folder in os.listdir(\"D:\\Music Genre Predictor\\genres_original\"):\n",
    "        result[i]=folder\n",
    "        i = i+1\n",
    "        \n",
    "print(result[pred])"
   ]
  },
  {
   "cell_type": "code",
   "execution_count": null,
   "id": "9f2c114a",
   "metadata": {
    "collapsed": true
   },
   "outputs": [],
   "source": []
  }
 ],
 "metadata": {
  "kernelspec": {
   "display_name": "Python 3 (ipykernel)",
   "language": "python",
   "name": "python3"
  },
  "language_info": {
   "codemirror_mode": {
    "name": "ipython",
    "version": 3
   },
   "file_extension": ".py",
   "mimetype": "text/x-python",
   "name": "python",
   "nbconvert_exporter": "python",
   "pygments_lexer": "ipython3",
   "version": "3.9.7"
  }
 },
 "nbformat": 4,
 "nbformat_minor": 5
}
